%YAML:1.0
R: !!opencv-matrix
   rows: 3
   cols: 3
   dt: d
   data: [ 9.9984237483041982e-01, 1.5584531854778058e-02,
       8.5057545422878942e-03, -1.5630913722141919e-02,
       9.9986317202663511e-01, 5.4140337130949082e-03,
       -8.4202155362673847e-03, -5.5461330405049535e-03,
       9.9994916889740948e-01 ]
T: !!opencv-matrix
   rows: 3
   cols: 1
   dt: d
   data: [ -9.4014154792463511e+00, 8.8212779565777652e-02,
       4.0511014313912652e-01 ]
R1: !!opencv-matrix
   rows: 3
   cols: 3
   dt: d
   data: [ 9.9938053471359201e-01, 6.4356200793510426e-03,
       -3.4599561121047694e-02, -6.3459302383284399e-03,
       9.9997621547387683e-01, 2.7014173970102743e-03,
       3.4616123482925268e-02, -2.4801775615577826e-03,
       9.9939760491722118e-01 ]
R2: !!opencv-matrix
   rows: 3
   cols: 3
   dt: d
   data: [ 9.9902900793929805e-01, -9.3738145975686450e-03,
       -4.3048494697405175e-02, 9.2622088173727694e-03,
       9.9995320900780293e-01, -2.7912869469895797e-03,
       4.3072645421955387e-02, 2.3898524823639765e-03,
       9.9906908460900101e-01 ]
P1: !!opencv-matrix
   rows: 3
   cols: 4
   dt: d
   data: [ -2.8543963289779898e+04, 0., -2.4281329728126526e+04, 0., 0.,
       -2.8543963289779898e+04, 1.2712516317367554e+03, 0., 0., 0., 1.,
       0. ]
P2: !!opencv-matrix
   rows: 3
   cols: 4
   dt: d
   data: [ -2.8543963289779898e+04, 0., -2.4281329728126526e+04,
       2.6861448083986144e+05, 0., -2.8543963289779898e+04,
       1.2712516317367554e+03, 0., 0., 0., 1., 0. ]
Q: !!opencv-matrix
   rows: 4
   cols: 4
   dt: d
   data: [ 1., 0., 0., 2.4281329728126526e+04, 0., 1., 0.,
       -1.2712516317367554e+03, 0., 0., 0., -2.8543963289779898e+04, 0.,
       0., 1.0626368020269469e-01, 0. ]
