%YAML:1.0
M1: !!opencv-matrix
   rows: 3
   cols: 3
   dt: d
   data: [ 1.4268400374881478e+03, 0., 9.7470158072541460e+02, 0.,
       1.4507625229497019e+03, 5.4349621092343682e+02, 0., 0., 1. ]
D1: !!opencv-matrix
   rows: 1
   cols: 8
   dt: d
   data: [ -2.1088209926798643e-01, -2.9822194478751429e+00, 0., 0., 0.,
       0., 0., -9.5853292601970619e+00 ]
M2: !!opencv-matrix
   rows: 3
   cols: 3
   dt: d
   data: [ 1.4268400374881478e+03, 0., 9.4549830515407882e+02, 0.,
       1.4507625229497019e+03, 5.2991813023691179e+02, 0., 0., 1. ]
D2: !!opencv-matrix
   rows: 1
   cols: 8
   dt: d
   data: [ -3.4342144644778333e-01, -1.4630013691583204e+00, 0., 0., 0.,
       0., 0., -4.1219360903084539e+00 ]
